prepartaion-for-raw-dasta-for-dynamical-matrix
0.063812  -0.032497  0.000579  0.000012  0.000000  0.000012  0.000579  -0.032497  
-0.032497  0.063812  -0.032497  0.000579  0.000012  0.000000  0.000012  0.000579  
0.000579  -0.032497  0.063812  -0.032497  0.000579  0.000012  0.000000  0.000012  
0.000012  0.000579  -0.032497  0.063812  -0.032497  0.000579  0.000012  0.000000  
0.000000  0.000012  0.000579  -0.032497  0.063812  -0.032497  0.000579  0.000012  
0.000012  0.000000  0.000012  0.000579  -0.032497  0.063812  -0.032497  0.000579  
0.000579  0.000012  0.000000  0.000012  0.000579  -0.032497  0.063812  -0.032497  
-0.032497  0.000579  0.000012  0.000000  0.000012  0.000579  -0.032497  0.063812  
0	-22.016000
1	-19.264000
2	-16.512000
3	-13.760000
4	-11.008000
5	-8.256000
6	-5.504000
7	-2.752000
8	0.000000
9	2.752000
10	5.504000
11	8.256000
12	11.008000
13	13.760000
14	16.512000
15	19.264000
16	22.016000
17	24.768000
18	27.520000
19	30.272000
20	33.024000
21	35.776000
22	38.528000
23	41.280000
k-vector(1/A);  frequency(cm-1), eigenvector
mode-0
  -1.14157	   1180.06
      1.000 + 0.000 i 


mode-1
  -0.91325	   1118.61
      1.000 + 0.000 i 


mode-2
  -0.68494	    943.02
      1.000 + 0.000 i 


mode-3
  -0.45663	    677.04
      1.000 + 0.000 i 


mode-4
  -0.22831	    352.30
      1.000 + 0.000 i 


mode-5
   0.00000	     -0.08
      1.000 + 0.000 i 


mode-6
   0.22831	    352.30
      1.000 + 0.000 i 


mode-7
   0.45663	    677.04
      1.000 + 0.000 i 


mode-8
   0.68494	    943.02
      1.000 + 0.000 i 


mode-9
   0.91325	   1118.61
      1.000 + 0.000 i 


mode-10
   1.14157	   1180.06
      1.000 + 0.000 i 


frequency-summary
k-vector(1/A)	frequency(cm-1)....
-1.141567	 1180.06	
-0.913254	 1118.61	
-0.684940	  943.02	
-0.456627	  677.04	
-0.228313	  352.30	
0.000000	   -0.08	
0.228313	  352.30	
0.456627	  677.04	
0.684940	  943.02	
0.913254	 1118.61	
1.141567	 1180.06	
