prepartaion-for-raw-dasta-for-dynamical-matrix
-3.745743  1.907546  -0.033962  -0.000711  0.000000  -0.000711  -0.033962  1.907546  
1.907546  -3.745743  1.907546  -0.033962  -0.000711  0.000000  -0.000711  -0.033962  
-0.033962  1.907546  -3.745743  1.907546  -0.033962  -0.000711  0.000000  -0.000711  
-0.000711  -0.033962  1.907546  -3.745743  1.907546  -0.033962  -0.000711  0.000000  
0.000000  -0.000711  -0.033962  1.907546  -3.745743  1.907546  -0.033962  -0.000711  
-0.000711  0.000000  -0.000711  -0.033962  1.907546  -3.745743  1.907546  -0.033962  
-0.033962  -0.000711  0.000000  -0.000711  -0.033962  1.907546  -3.745743  1.907546  
1.907546  -0.033962  -0.000711  0.000000  -0.000711  -0.033962  1.907546  -3.745743  
0	-22.016000
1	-19.264000
2	-16.512000
3	-13.760000
4	-11.008000
5	-8.256000
6	-5.504000
7	-2.752000
8	0.000000
9	2.752000
10	5.504000
11	8.256000
12	11.008000
13	13.760000
14	16.512000
15	19.264000
16	22.016000
17	24.768000
18	27.520000
19	30.272000
20	33.024000
21	35.776000
22	38.528000
23	41.280000
k-vector(1/A);  frequency(cm-1), eigenvector
mode-0
  -1.14157	  -9041.16
      1.000 + 0.000 i 


mode-1
  -1.09299	  -9019.59
      1.000 + 0.000 i 


mode-2
  -1.04441	  -8955.04
      1.000 + 0.000 i 


mode-3
  -0.99584	  -8847.94
      1.000 + 0.000 i 


mode-4
  -0.94726	  -8698.99
      1.000 + 0.000 i 


mode-5
  -0.89868	  -8509.18
      1.000 + 0.000 i 


mode-6
  -0.85010	  -8279.75
      1.000 + 0.000 i 


mode-7
  -0.80153	  -8012.18
      1.000 + 0.000 i 


mode-8
  -0.75295	  -7708.19
      1.000 + 0.000 i 


mode-9
  -0.70437	  -7369.66
      1.000 + 0.000 i 


mode-10
  -0.65579	  -6998.70
      1.000 + 0.000 i 


mode-11
  -0.60722	  -6597.50
      1.000 + 0.000 i 


mode-12
  -0.55864	  -6168.41
      1.000 + 0.000 i 


mode-13
  -0.51006	  -5713.81
      1.000 + 0.000 i 


mode-14
  -0.46148	  -5236.17
      1.000 + 0.000 i 


mode-15
  -0.41291	  -4737.94
      1.000 + 0.000 i 


mode-16
  -0.36433	  -4221.55
      1.000 + 0.000 i 


mode-17
  -0.31575	  -3689.39
      1.000 + 0.000 i 


mode-18
  -0.26718	  -3143.81
      1.000 + 0.000 i 


mode-19
  -0.21860	  -2587.06
      1.000 + 0.000 i 


mode-20
  -0.17002	  -2021.30
      1.000 + 0.000 i 


mode-21
  -0.12144	  -1448.65
      1.000 + 0.000 i 


mode-22
  -0.07287	   -871.12
      1.000 + 0.000 i 


mode-23
  -0.02429	   -290.70
      1.000 + 0.000 i 


mode-24
   0.02429	   -290.70
      1.000 + 0.000 i 


mode-25
   0.07287	   -871.12
      1.000 + 0.000 i 


mode-26
   0.12144	  -1448.65
      1.000 + 0.000 i 


mode-27
   0.17002	  -2021.30
      1.000 + 0.000 i 


mode-28
   0.21860	  -2587.06
      1.000 + 0.000 i 


mode-29
   0.26718	  -3143.81
      1.000 + 0.000 i 


mode-30
   0.31575	  -3689.39
      1.000 + 0.000 i 


mode-31
   0.36433	  -4221.55
      1.000 + 0.000 i 


mode-32
   0.41291	  -4737.94
      1.000 + 0.000 i 


mode-33
   0.46148	  -5236.17
      1.000 + 0.000 i 


mode-34
   0.51006	  -5713.81
      1.000 + 0.000 i 


mode-35
   0.55864	  -6168.41
      1.000 + 0.000 i 


mode-36
   0.60722	  -6597.50
      1.000 + 0.000 i 


mode-37
   0.65579	  -6998.70
      1.000 + 0.000 i 


mode-38
   0.70437	  -7369.66
      1.000 + 0.000 i 


mode-39
   0.75295	  -7708.19
      1.000 + 0.000 i 


mode-40
   0.80153	  -8012.18
      1.000 + 0.000 i 


mode-41
   0.85010	  -8279.75
      1.000 + 0.000 i 


mode-42
   0.89868	  -8509.18
      1.000 + 0.000 i 


mode-43
   0.94726	  -8698.99
      1.000 + 0.000 i 


mode-44
   0.99584	  -8847.94
      1.000 + 0.000 i 


mode-45
   1.04441	  -8955.04
      1.000 + 0.000 i 


mode-46
   1.09299	  -9019.59
      1.000 + 0.000 i 


mode-47
   1.14157	  -9041.16
      1.000 + 0.000 i 


frequency-summary
k-vector(1/A)	frequency(cm-1)....
-1.141567	-9041.16	
-1.092990	-9019.59	
-1.044412	-8955.04	
-0.995835	-8847.94	
-0.947258	-8698.99	
-0.898680	-8509.18	
-0.850103	-8279.75	
-0.801526	-8012.18	
-0.752949	-7708.19	
-0.704371	-7369.66	
-0.655794	-6998.70	
-0.607217	-6597.50	
-0.558639	-6168.41	
-0.510062	-5713.81	
-0.461485	-5236.17	
-0.412907	-4737.94	
-0.364330	-4221.55	
-0.315753	-3689.39	
-0.267175	-3143.81	
-0.218598	-2587.06	
-0.170021	-2021.30	
-0.121443	-1448.65	
-0.072866	 -871.12	
-0.024289	 -290.70	
0.024289	 -290.70	
0.072866	 -871.12	
0.121443	-1448.65	
0.170021	-2021.30	
0.218598	-2587.06	
0.267175	-3143.81	
0.315753	-3689.39	
0.364330	-4221.55	
0.412907	-4737.94	
0.461485	-5236.17	
0.510062	-5713.81	
0.558639	-6168.41	
0.607217	-6597.50	
0.655794	-6998.70	
0.704371	-7369.66	
0.752949	-7708.19	
0.801526	-8012.18	
0.850103	-8279.75	
0.898680	-8509.18	
0.947258	-8698.99	
0.995835	-8847.94	
1.044412	-8955.04	
1.092990	-9019.59	
1.141567	-9041.16	
